### DETERMINISTIC GOALS TAKEN FROM 40 RUN OF THE ENV, USINF SEED 1000
default_goals = [[1.36436065, 0.82132344, 0.48011866],
[1.40224875, 0.8274564,  0.39086433],
[1.47263231, 0.84617015, 0.48441695],
[1.34722197, 0.75441538, 0.57020475],
[1.28824505, 0.83786219, 0.5334792 ],
[1.2214978, 0.86765308, 0.67931145],
[1.24680852, 0.62558566, 0.67625158],
[1.20321388, 0.67317329, 0.59567956],
[1.42380811, 0.73510618, 0.61455694],
[1.33858392, 0.65927542, 0.53535863],
[1.37798065, 0.72630206, 0.53709155],
[1.27909637, 0.69457409, 0.40699489],
[1.43504526, 0.61440311, 0.65755919],
[1.21052801, 0.77403075, 0.64866123],
[1.25730782, 0.69834923, 0.50681719],
[1.26373402, 0.70071307, 0.52242472],
[1.2240211,  0.74106079, 0.57256239],
[1.39147503, 0.76922873, 0.55843694],
[1.25045661, 0.61411551, 0.48729741],
[1.33584152, 0.68824726, 0.66031058],
[1.36267548, 0.71388349, 0.49757826],
[1.28014729, 0.89580858, 0.555854  ],
[1.39161078, 0.69374281, 0.50542082],
[1.24655177, 0.76953393, 0.39596882],
[1.34831866, 0.65438113, 0.60426857],
[1.46734076, 0.62135381, 0.57306507],
[1.39813926, 0.85639869, 0.47292128],
[1.25104867, 0.82586635, 0.43371202],
[1.27247079, 0.65955857, 0.52259967],
[1.23522075, 0.63119367, 0.6627392 ],
[1.409536,   0.79546171, 0.66467568],
[1.374114,   0.66587871, 0.39850548],
[1.2863067,  0.85569463, 0.62298833],
[1.21363696, 0.86352697, 0.65444858],
[1.39581894, 0.85363193, 0.43862243],
[1.32328057, 0.85724999, 0.4728584 ],
[1.37775495, 0.82916795, 0.55159394],
[1.32224042, 0.78555089, 0.63956165],
[1.23780886, 0.71653694, 0.58176311],
[1.20016676, 0.83539981, 0.5219723 ],
[1.2237859,  0.89837409, 0.6829851 ],
[1.48660109, 0.76670672, 0.59028676],
[1.48915648, 0.6676377,  0.64331816],
[1.38215496, 0.68706523, 0.59427077],
[1.22222297, 0.80391776, 0.6431296 ],
[1.20220614, 0.71725481, 0.64273212],
[1.36325635, 0.740788,   0.59403094],
[1.24669585, 0.87296672, 0.46486997],
[1.44970105, 0.87529433, 0.5265952 ],
[1.35712101, 0.61696532, 0.52530803],
[1.4743047 , 0.73859342, 0.65157097],
[1.20641638, 0.70102585, 0.63065514],
[1.41733951, 0.85756819, 0.45485022],
[1.33758884, 0.69948285, 0.47650308],
[1.46234404, 0.71534318, 0.56996237],
[1.43932529, 0.87245122, 0.45725402],
[1.25986144, 0.75093544, 0.57769549],
[1.24168941, 0.8897181,  0.38972995],
[1.32232046, 0.79189143, 0.57038565],
[1.30516373, 0.77755057, 0.65655683],
[1.30505924, 0.61802254, 0.58294093],
[1.23781931, 0.74657765, 0.57256821],
[1.3039054,  0.62638233, 0.66927774],
[1.4749179,  0.81653703, 0.47222245],
[1.48143933, 0.82160029, 0.55402674],
[1.41041293, 0.66686063, 0.67924043],
[1.4076577,  0.8704272,  0.58719551],
[1.35114852, 0.71209157, 0.53217605],
[1.43490453, 0.72025615, 0.64629267],
[1.47093444, 0.77428001, 0.66488575],
[1.39151562, 0.83690199, 0.38564778],
[1.2124237,  0.70351638, 0.44961558],
[1.32684023, 0.62024132, 0.58619281],
[1.47795962, 0.75091366, 0.45212519],
[1.30993738, 0.66671138, 0.44321211],
[1.21965118, 0.6042853,  0.57594159],
[1.48497056, 0.86199062, 0.67178957],
[1.32235155, 0.7616581,  0.42694393],
[1.47070208, 0.72850648, 0.62799937]]

default_goals = np.array(default_goals)


######
###### pick_and_place goals

pick_and_place_goals = [[1.4540254,  0.71608618, 0.42469975],
[1.48024373, 0.61257991, 0.42469975],
[1.30374199, 0.69278429, 0.42469975],
[1.39504849, 0.69976956, 0.49876303],
[1.21479603, 0.76671325, 0.42469975],
[1.4537095 , 0.61330081, 0.66845445],
[1.41965764, 0.77041399, 0.42469975],
[1.29785271, 0.81962384, 0.42469975],
[1.28282176, 0.71727796, 0.79770849],
[1.36602308, 0.69122764, 0.42469975],
[1.19985282, 0.60980487, 0.71173499],
[1.48846322, 0.87295624, 0.42469975],
[1.26409685, 0.78961145, 0.42469975],
[1.26332763, 0.74155046, 0.42469975],
[1.25128086, 0.70370872, 0.42469975],
[1.24337745, 0.63547391, 0.42469975],
[1.29452807, 0.75851903, 0.54534937],
[1.39432106, 0.66538215, 0.42469975],
[1.246263  , 0.79863993, 0.87037433],
[1.47394016, 0.63456817, 0.78616649],
[1.42390269, 0.76576682, 0.71817336],
[1.41228397, 0.76459755, 0.42469975],
[1.41245016, 0.60614187, 0.46426811],
[1.40664141, 0.79040071, 0.42469975],
[1.36062334, 0.65791512, 0.50657257],
[1.47451499, 0.69067336, 0.54170983],
[1.34855805, 0.64578945, 0.4957742 ],
[1.39506181, 0.76105238, 0.45648104],
[1.44067618, 0.85600225, 0.42469975],
[1.40025024, 0.68267105, 0.42469975],
[1.25840495, 0.70528327, 0.67919872],
[1.24778909, 0.73343831, 0.59691787],
[1.24569142, 0.71482842, 0.42469975],
[1.34500902, 0.72471265, 0.42469975],
[1.25335198, 0.73995656, 0.59844521],
[1.43418586, 0.77730535, 0.77855934],
[1.19580897, 0.83875249, 0.61644474],
[1.20983076, 0.78611128, 0.78773655],
[1.34408096, 0.80039798, 0.58114007],
[1.28597131, 0.69119675, 0.42469975],
[1.31317456, 0.89279888, 0.42469975],
[1.20333629, 0.8706779 , 0.42469975],
[1.44656524, 0.6622862 , 0.42469975],
[1.4022893 , 0.75463919, 0.42469975],
[1.28239548, 0.85183134, 0.42469975],
[1.21950746, 0.74159399, 0.68059387],
[1.27251842, 0.74240338, 0.58628553],
[1.20888195, 0.86173217, 0.70890082],
[1.24703618, 0.89330578, 0.42469975],
[1.42454927, 0.69842833, 0.72085956]]

pick_and_place_goals = np.array(pick_and_place_goals)


##### PUSH GOALS

push_goal = [[1.46982875, 0.8345258,  0.42469975],
[1.46548254, 0.65644145, 0.42469975],
[1.45518221, 0.65441704, 0.42469975],
[1.21481476, 0.73580712, 0.42469975],
[1.37822253, 0.76204213, 0.42469975],
[1.30527863, 0.79922077, 0.42469975],
[1.34314584, 0.64349397, 0.42469975],
[1.27661504, 0.62039527, 0.42469975],
[1.26387505, 0.87526507, 0.42469975],
[1.37406937, 0.61487625, 0.42469975],
[1.31749417, 0.85527704, 0.42469975],
[1.34758735, 0.68600636, 0.42469975],
[1.44292715, 0.81426385, 0.42469975],
[1.21545503, 0.87904522, 0.42469975],
[1.34509365, 0.82586671, 0.42469975],
[1.29989026, 0.69647347, 0.42469975],
[1.3670991 , 0.63252439, 0.42469975],
[1.37261325, 0.6155295 , 0.42469975],
[1.21700424, 0.83936932, 0.42469975],
[1.46198164, 0.66620349, 0.42469975],
[1.20848024, 0.66864857, 0.42469975],
[1.29951294, 0.87195791, 0.42469975],
[1.20644232, 0.80994184, 0.42469975],
[1.32009064, 0.63017284, 0.42469975],
[1.27171567, 0.80116287, 0.42469975],
[1.32879286, 0.65268434, 0.42469975],
[1.2470685 , 0.79628396, 0.42469975],
[1.48014435, 0.68225386, 0.42469975],
[1.39861359, 0.88809258, 0.42469975],
[1.39933925, 0.62390107, 0.42469975],
[1.40039265, 0.75167706, 0.42469975],
[1.33012842, 0.73441054, 0.42469975],
[1.34318559, 0.71848267, 0.42469975],
[1.3359781 , 0.89453559, 0.42469975],
[1.45422405, 0.78807526, 0.42469975],
[1.20975578, 0.72110465, 0.42469975],
[1.20670756, 0.6461329 , 0.42469975],
[1.32624376, 0.76903558, 0.42469975],
[1.47934948, 0.68637934, 0.42469975],
[1.31651574, 0.70273739, 0.42469975],
[1.30504646, 0.70383597, 0.42469975],
[1.43442186, 0.61087859, 0.42469975],
[1.46322923, 0.80901475, 0.42469975],
[1.42851425, 0.76905695, 0.42469975],
[1.29806393, 0.60015962, 0.42469975],
[1.32176848, 0.82889906, 0.42469975],
[1.42025341, 0.89548005, 0.42469975],
[1.48790545, 0.80177357, 0.42469975],
[1.35335417, 0.61517673, 0.42469975],
[1.22811259, 0.80463352, 0.42469975]]

push_goal = np.array(push_goal)
